09984836688
02283584030
33284870625
01867217535
66471967865
99161045515
84721130502
58922299863
84147988241
60979615171
81378464119
11108053886
87660234671
43987906593
64072477853
90726885790
05465473206
60258702294
39955668334
84982712551
96963072547
49902732871
50968474164
68886218994
27907050298
27942796750
03120530926
69955620470
67384741412
56704994917
16081267386
26003961522
15815640740
66996028388
48899043504
81325001793
57079830769
61387579712
51671100131
19598223223
30551284097
21984301374
26545018661
18073935865
50781043216
44968809080
98972739260
48605339543
39563491796
83961929322
12712163286
01251170153
50743390045
42021585431
90947525963
52603272136
79528994947
33939696721
94772438889
95383700482
23538508565
28691622054
68105488038
30224151933
80933998348
05950369882
35405515386
48654899157
98684250715
89947769404
54034596642
01866746996
52472578587
92605611808
18027164120
81459436247
45121286423
48367390960
75115073249
07460726667
86537530806
92423961792
06495931875
81950766979
43205622902
12807861717
61375828872
66114807917
26865911585
57392965453
62498298515
41581864132
36427890486
59060191242
44072934578
86510711384
56065602677
81298991510
54421700413
90548084972
43378156055
79047516814
55391477012
00911407177
05198537742
34963527652
98972739260
94725028274
78968530262
43287272414
14546480490
77048647116
53315012280
65279880114
98137665138
23538508565
96235863232
01873057469
21467953294
95020936122
97241979625
02504262910
25206907226
82682301510
17080322450
42142275372
95189574464
41612702275
88360596512
11421680195
07796714440
56080731757
13280841641
00891707242
71156298981
09550972053
47770265353
02283584030
43335267726
60711275851
96098476792
76283219390
59290767762
60723428936
92856557366
80962022340
62673736532
45782745300
09984836688
75066839207
05574235860
48512448669
96869335416
53677992266
18598996952
64541679498
02625658546
85536924872
66715393372
24547853472
39197725497
33690016928
85027858566
29415543827
67880631295
63213557821
25237571154
78362574515
23746434242
93302813970
32335783193
03585494600
49647296932
35179003361
09984836688
21212844466
82332079243
32326576029
59409385014
06158013201
42431901029
49902732871
38539855333
32613131075
17020981493
24448252916
21546132651
06725250768
27974462349
70006932107
73467207009
58206998989
70485646268
70194639421
68954839506
76330064065
36614942009
50399646093
91441456587
99605542205
67599950727
96362586563
91462167824
81788558951
69359292897
28899064973
74909648257
40791848319
44471328207
02211839817
04223691176
96362586563
70635697900
97632739675
98332047058
37970840020
42672785057
54323493489
56669840628
68225608405
66879174774
89142914570
93279489476
46233340475
84778016940
11428397125
95781583119
20503541744
25299881238
78704362486
83089141204
30058436842
64138693837
22198935694
09333962168
94829948387
49721055593
21899631826
29271030182
76255724995
97139573636
59290767762
08737513789
02707053258
13569302870
43205622902
31953050478
15874597009
11428397125
45097301715
61038353756
50087745312
42429486425
34669301683
99014313038
80933998348
67702286935
46810954221
18191419068
80946444527
23112705829
09984836688
08245624039
22124394530
86572375792
98395237117
98920087472
86471720114
14033590174
35364131093
43673608764
81129441712
81226924666
66980977851
35746521797
35469882319
61975882088
69955620470
71279186830
81866719575
66578578567
41474245718
49424389956
35284640915
12127315179
11414003763
20593946596
64500480986
48534394150
88480859345
14726266733
12909164587
09183365072
83475682602
93991018394
08303095557
10131093384
25237571154
07583015808
01272297467
31794989005
00023891005
44716971900
58494578716
92605611808
75395435448
31505687481
36302261974
64044870114
83999962015
33739128025
20497982377
34308101320
59627880674
00455079050
67909739449
49902732871
62326168801
50165463389
93787876071
75452642208
91308005937
45381984284
14725223560
01986087849
00858064058
84425196901
93247914425
50934848595
51922226751
22802887617
11993509746
59434845690
53057592208
30768491405
74104220022
85843269303
11485878955
90901789725
56141671428
18959946688
90806890215
88458754382
81340225173
23536688766
24488684128
55527161067
54421700413
76570147100
11792929830
56201402866
56354039559
63155638309
97602993720
35456495834
63923269447
71851153120
67139984079
47144089563
03665715060
35337451981
63034568737
57233937853
31323147007
25198204563
14725223560
82521881164
51858478013
69113330988
56407994225
44492029943
51700451577
49621825035
93797635960
09054681087
39978122876
46478614454
66858918580
30424689896
54531058925
85260006341
31693546763
27421700230
38450163599
36380050587
55781247992
07318829565
20348814537
35873715253
41580463191
63034568737
66164381338
50621454325
31867358990
07071902296
91859333632
54909464901
28465245913
41684375365
21385027606
